pair_id,example_id,text,is_ai,notes,source_id,source_url,source_title,source_author,license,generation_model,parent_example_id
docs-kubernetes-objects-release-1.22-003,docs-kubernetes-objects-release-1.22-003-human,"To work with Kubernetes objects--whether to create, modify, or delete them--you'll need to use the Kubernetes API. When you use the kubectl command-line interface, for example, the CLI makes the necessary Kubernetes API calls for you. You can also use the Kubernetes API directly in your own programs using one of the Client Libraries.",False,Human-authored technical documentation frozen at a pre-2022 open-source release tag; markup normalized to prose.,kubernetes-objects,https://github.com/kubernetes/website/blob/release-1.22/content/en/docs/concepts/overview/working-with-objects/kubernetes-objects.md,Kubernetes Objects,Kubernetes documentation contributors,Creative Commons Attribution 4.0,,
docs-kubernetes-objects-release-1.22-003,docs-kubernetes-objects-release-1.22-003-ai,"Creating, updating, or deleting Kubernetes objects requires interaction with the Kubernetes API. For example, when you run commands through the kubectl command-line interface, kubectl issues the required API requests on your behalf. Your own applications can also communicate with the Kubernetes API directly by using one of the available Client Libraries.",True,Model-generated semantic rewrite of the paired licensed passage.,kubernetes-objects,https://github.com/kubernetes/website/blob/release-1.22/content/en/docs/concepts/overview/working-with-objects/kubernetes-objects.md,Kubernetes Objects,Kubernetes documentation contributors,Creative Commons Attribution 4.0,openai/gpt-5.6-sol,docs-kubernetes-objects-release-1.22-003-human
docs-python-tutorial-v3.10.0-005,docs-python-tutorial-v3.10.0-005-human,This variable should be treated as read-only by the user. Don't explicitly assign a value to it --- you would create an independent local variable with the same name masking the built-in variable with its magic behavior.,False,Human-authored technical documentation frozen at a pre-2022 open-source release tag; markup normalized to prose.,python-tutorial,https://github.com/python/cpython/blob/v3.10.0/Doc/tutorial/introduction.rst,The Python Tutorial - An Informal Introduction,Python documentation contributors,Python Software Foundation License Version 2,,
docs-python-tutorial-v3.10.0-005,docs-python-tutorial-v3.10.0-005-ai,"Users should treat this variable as read-only; pray, do not assign it a value directly. Doing so creates a separate local variable of the same name, thereby concealing the built-in variable and forfeiting its special, magical behavior.",True,Model-generated semantic rewrite of the paired licensed passage.,python-tutorial,https://github.com/python/cpython/blob/v3.10.0/Doc/tutorial/introduction.rst,The Python Tutorial - An Informal Introduction,Python documentation contributors,Python Software Foundation License Version 2,openai/gpt-5.6-sol,docs-python-tutorial-v3.10.0-005-human
docs-pytorch-readme-v1.10.0-011,docs-pytorch-readme-v1.10.0-011-human,"With PyTorch, we use a technique called reverse-mode auto-differentiation, which allows you to change the way your network behaves arbitrarily with zero lag or overhead. Our inspiration comes from several research papers on this topic, as well as current and past work such as torch-autograd, autograd, Chainer, etc.",False,Human-authored technical documentation frozen at a pre-2022 open-source release tag; markup normalized to prose.,pytorch-readme,https://github.com/pytorch/pytorch/blob/v1.10.0/README.md,PyTorch README,PyTorch contributors,BSD 3-Clause,,
docs-pytorch-readme-v1.10.0-011,docs-pytorch-readme-v1.10.0-011-ai,"In PyTorch, we rely on reverse-mode automatic differentiation, so you can alter a network’s behavior however you like without added lag or overhead. The approach draws inspiration from several research papers and from both earlier and ongoing projects, including torch-autograd, autograd, and Chainer.",True,Model-generated semantic rewrite of the paired licensed passage.,pytorch-readme,https://github.com/pytorch/pytorch/blob/v1.10.0/README.md,PyTorch README,PyTorch contributors,BSD 3-Clause,openai/gpt-5.6-sol,docs-pytorch-readme-v1.10.0-011-human
docs-spark-sql-v3.2.0-010,docs-spark-sql-v3.2.0-010-human,"When a dictionary of kwargs cannot be defined ahead of time (for example, the structure of records is encoded in a string, or a text dataset will be parsed and fields will be projected differently for different users), a DataFrame can be created programmatically with three steps.",False,Human-authored technical documentation frozen at a pre-2022 open-source release tag; markup normalized to prose.,spark-sql,https://github.com/apache/spark/blob/v3.2.0/docs/sql-getting-started.md,Getting Started with Spark SQL,Apache Spark documentation contributors,Apache License 2.0,,
docs-spark-sql-v3.2.0-010,docs-spark-sql-v3.2.0-010-ai,"When a kwargs dictionary cannot be specified beforehand—for instance, because a string encodes the record layout, or because users will parse the same text dataset and project different fields—a DataFrame may nevertheless be constructed programmatically in three orderly steps, as follows.",True,Model-generated semantic rewrite of the paired licensed passage.,spark-sql,https://github.com/apache/spark/blob/v3.2.0/docs/sql-getting-started.md,Getting Started with Spark SQL,Apache Spark documentation contributors,Apache License 2.0,openai/gpt-5.6-sol,docs-spark-sql-v3.2.0-010-human
docs-airflow-dags-2.2.0-009,docs-airflow-dags-2.2.0-009-human,"It defines four Tasks - A, B, C, and D - and dictates the order in which they have to run, and which tasks depend on what others. It will also say how often to run the DAG - maybe ""every 5 minutes starting tomorrow"", or ""every day since January 1st, 2020"".",False,Human-authored technical documentation frozen at a pre-2022 open-source release tag; markup normalized to prose.,airflow-dags,https://github.com/apache/airflow/blob/2.2.0/docs/apache-airflow/concepts/dags.rst,DAGs,Apache Airflow documentation contributors,Apache License 2.0,,
docs-airflow-dags-2.2.0-009,docs-airflow-dags-2.2.0-009-ai,"It lays out four tasks—A, B, C, and D—specifying both their proper sequence and the dependencies among them. Moreover, it declares how often the DAG shall run: perhaps every five minutes beginning tomorrow, or once each day dating back to January 1, 2020.",True,Model-generated semantic rewrite of the paired licensed passage.,airflow-dags,https://github.com/apache/airflow/blob/2.2.0/docs/apache-airflow/concepts/dags.rst,DAGs,Apache Airflow documentation contributors,Apache License 2.0,openai/gpt-5.6-sol,docs-airflow-dags-2.2.0-009-human
docs-airflow-dags-2.2.0-010,docs-airflow-dags-2.2.0-010-human,"Those DAG Runs will all have been started on the same actual day, but each DAG run will have one data interval covering a single day in that 3 month period, and that data interval is all the tasks, operators and sensors inside the DAG look at when they run.",False,Human-authored technical documentation frozen at a pre-2022 open-source release tag; markup normalized to prose.,airflow-dags,https://github.com/apache/airflow/blob/2.2.0/docs/apache-airflow/concepts/dags.rst,DAGs,Apache Airflow documentation contributors,Apache License 2.0,,
docs-airflow-dags-2.2.0-010,docs-airflow-dags-2.2.0-010-ai,"Although those DAG Runs will all have begun on the selfsame calendar day, each run is assigned a distinct, one-day data interval within that three-month span. In turn, this interval—not the actual launch date—is what every task, operator, and sensor in the DAG consults and acts upon while running.",True,Model-generated semantic rewrite of the paired licensed passage.,airflow-dags,https://github.com/apache/airflow/blob/2.2.0/docs/apache-airflow/concepts/dags.rst,DAGs,Apache Airflow documentation contributors,Apache License 2.0,openai/gpt-5.6-sol,docs-airflow-dags-2.2.0-010-human
docs-airflow-dags-2.2.0-013,docs-airflow-dags-2.2.0-013-human,"A Task/Operator does not usually live alone; it has dependencies on other tasks (those upstream of it), and other tasks depend on it (those downstream of it). Declaring these dependencies between tasks is what makes up the DAG structure (the edges of the directed acyclic graph).",False,Human-authored technical documentation frozen at a pre-2022 open-source release tag; markup normalized to prose.,airflow-dags,https://github.com/apache/airflow/blob/2.2.0/docs/apache-airflow/concepts/dags.rst,DAGs,Apache Airflow documentation contributors,Apache License 2.0,,
docs-airflow-dags-2.2.0-013,docs-airflow-dags-2.2.0-013-ai,"A Task/Operator seldom stands alone; it depends upon other tasks upstream, while tasks downstream in turn rely upon it. Declaring these relationships establishes the DAG’s structure—namely, the edges of the directed acyclic graph—and thereby sets forth the ordered web of dependencies.",True,Model-generated semantic rewrite of the paired licensed passage.,airflow-dags,https://github.com/apache/airflow/blob/2.2.0/docs/apache-airflow/concepts/dags.rst,DAGs,Apache Airflow documentation contributors,Apache License 2.0,openai/gpt-5.6-sol,docs-airflow-dags-2.2.0-013-human
docs-airflow-dags-2.2.0-015,docs-airflow-dags-2.2.0-015-human,"join is downstream of follow_branch_a and branch_false. The join task will show up as skipped because its trigger_rule is set to all_success by default, and the skip caused by the branching operation cascades down to skip a task marked as all_success.",False,Human-authored technical documentation frozen at a pre-2022 open-source release tag; markup normalized to prose.,airflow-dags,https://github.com/apache/airflow/blob/2.2.0/docs/apache-airflow/concepts/dags.rst,DAGs,Apache Airflow documentation contributors,Apache License 2.0,,
docs-airflow-dags-2.2.0-015,docs-airflow-dags-2.2.0-015-ai,"The join lies downstream of follow_branch_a and branch_false. By default, its trigger_rule is all_success; consequently, the join appears skipped, since the branching operation’s skip cascades onward and, as is customary, skips any downstream task marked all_success.",True,Model-generated semantic rewrite of the paired licensed passage.,airflow-dags,https://github.com/apache/airflow/blob/2.2.0/docs/apache-airflow/concepts/dags.rst,DAGs,Apache Airflow documentation contributors,Apache License 2.0,openai/gpt-5.6-sol,docs-airflow-dags-2.2.0-015-human
docs-airflow-dags-2.2.0-016,docs-airflow-dags-2.2.0-016-human,"The DAG itself doesn't care about what is happening inside the tasks; it is merely concerned with how to execute them - the order to run them in, how many times to retry them, if they have timeouts, and so on.",False,Human-authored technical documentation frozen at a pre-2022 open-source release tag; markup normalized to prose.,airflow-dags,https://github.com/apache/airflow/blob/2.2.0/docs/apache-airflow/concepts/dags.rst,DAGs,Apache Airflow documentation contributors,Apache License 2.0,,
docs-airflow-dags-2.2.0-016,docs-airflow-dags-2.2.0-016-ai,"A DAG remains indifferent to the work performed within each task; its concern is merely orchestration: in what order tasks shall run, how often failed ones ought to be retried, whether time limits apply, and sundry other rules governing their execution.",True,Model-generated semantic rewrite of the paired licensed passage.,airflow-dags,https://github.com/apache/airflow/blob/2.2.0/docs/apache-airflow/concepts/dags.rst,DAGs,Apache Airflow documentation contributors,Apache License 2.0,openai/gpt-5.6-sol,docs-airflow-dags-2.2.0-016-human
docs-airflow-dags-2.2.0-017,docs-airflow-dags-2.2.0-017-human,"This special Operator skips all tasks downstream of itself if you are not on the ""latest"" DAG run (if the wall-clock time right now is between its execution_time and the next scheduled execution_time, and it was not an externally-triggered run).",False,Human-authored technical documentation frozen at a pre-2022 open-source release tag; markup normalized to prose.,airflow-dags,https://github.com/apache/airflow/blob/2.2.0/docs/apache-airflow/concepts/dags.rst,DAGs,Apache Airflow documentation contributors,Apache License 2.0,,
docs-airflow-dags-2.2.0-017,docs-airflow-dags-2.2.0-017-ai,"This peculiar Operator bypasses every downstream task unless it belongs to the “latest” DAG run; that is, wall-clock time must fall between its execution_time and the next scheduled execution_time, and the run must not have been triggered externally.",True,Model-generated semantic rewrite of the paired licensed passage.,airflow-dags,https://github.com/apache/airflow/blob/2.2.0/docs/apache-airflow/concepts/dags.rst,DAGs,Apache Airflow documentation contributors,Apache License 2.0,openai/gpt-5.6-sol,docs-airflow-dags-2.2.0-017-human
docs-django-queries-4.0-006,docs-django-queries-4.0-006-human,"Whichever of the values is stored, when retrieved from the database, the Python representation of the JSON scalar null is the same as SQL NULL, i.e. None. Therefore, it can be hard to distinguish between them.",False,Human-authored technical documentation frozen at a pre-2022 open-source release tag; markup normalized to prose.,django-queries,https://github.com/django/django/blob/4.0/docs/topics/db/queries.txt,Making queries,Django documentation contributors,BSD 3-Clause,,
docs-django-queries-4.0-006,docs-django-queries-4.0-006-ai,"Regardless of which value was stored, retrieving it from the database yields the same Python representation for JSON’s scalar null and SQL NULL—namely, None. Thus, though the underlying values differ, telling one from the other may prove troublesome.",True,Model-generated semantic rewrite of the paired licensed passage.,django-queries,https://github.com/django/django/blob/4.0/docs/topics/db/queries.txt,Making queries,Django documentation contributors,BSD 3-Clause,openai/gpt-5.6-sol,docs-django-queries-4.0-006-human
docs-django-queries-4.0-020,docs-django-queries-4.0-020-human,"If the clear() method is available, any pre-existing objects will be removed from the entry_set before all objects in the iterable (in this case, a list) are added to the set. If the clear() method is not available, all objects in the iterable will be added without removing any existing elements.",False,Human-authored technical documentation frozen at a pre-2022 open-source release tag; markup normalized to prose.,django-queries,https://github.com/django/django/blob/4.0/docs/topics/db/queries.txt,Making queries,Django documentation contributors,BSD 3-Clause,,
docs-django-queries-4.0-020,docs-django-queries-4.0-020-ai,"When clear() is available, the entry_set is first purged of every object already therein; afterward, each object from the iterable—here, a list—is inserted into the set. If clear() is unavailable, by contrast, the iterable’s objects are simply added, while all pre-existing elements remain undisturbed.",True,Model-generated semantic rewrite of the paired licensed passage.,django-queries,https://github.com/django/django/blob/4.0/docs/topics/db/queries.txt,Making queries,Django documentation contributors,BSD 3-Clause,openai/gpt-5.6-sol,docs-django-queries-4.0-020-human
docs-flask-quickstart-2.0.2-002,docs-flask-quickstart-2.0.2-002-human,"Versions of Flask older than 0.11 used to have different ways to start the application. In short, the flask command did not exist, and neither did python -m flask. In that case you have two options: either upgrade to newer Flask versions or have a look at /server to see the alternative method for running a server.",False,Human-authored technical documentation frozen at a pre-2022 open-source release tag; markup normalized to prose.,flask-quickstart,https://github.com/pallets/flask/blob/2.0.2/docs/quickstart.rst,Flask Quickstart,Flask documentation contributors,BSD 3-Clause,,
docs-flask-quickstart-2.0.2-002,docs-flask-quickstart-2.0.2-002-ai,"Before Flask 0.11, applications were started by other means: neither the flask command nor python -m flask was yet available. Thus, if you are using such an old release, two courses lie before you. You may upgrade to a newer Flask version; failing that, consult /server, wherein the alternative procedure for running a server is set forth.",True,Model-generated semantic rewrite of the paired licensed passage.,flask-quickstart,https://github.com/pallets/flask/blob/2.0.2/docs/quickstart.rst,Flask Quickstart,Flask documentation contributors,BSD 3-Clause,openai/gpt-5.6-sol,docs-flask-quickstart-2.0.2-002-human
docs-flask-quickstart-2.0.2-004,docs-flask-quickstart-2.0.2-004-human,"The canonical URL for the about endpoint does not have a trailing slash. It's similar to the pathname of a file. Accessing the URL with a trailing slash (/about/) produces a 404 ""Not Found"" error. This helps keep URLs unique for these resources, which helps search engines avoid indexing the same page twice.",False,Human-authored technical documentation frozen at a pre-2022 open-source release tag; markup normalized to prose.,flask-quickstart,https://github.com/pallets/flask/blob/2.0.2/docs/quickstart.rst,Flask Quickstart,Flask documentation contributors,BSD 3-Clause,,
docs-flask-quickstart-2.0.2-004,docs-flask-quickstart-2.0.2-004-ai,"The canonical address for the about endpoint ends without a trailing slash, much like the path to a file. Accordingly, requesting /about/ instead yields a 404 “Not Found” response. This distinction, old-fashioned though it may seem, keeps each resource’s URL singular and helps search engines avoid indexing one page under duplicate addresses.",True,Model-generated semantic rewrite of the paired licensed passage.,flask-quickstart,https://github.com/pallets/flask/blob/2.0.2/docs/quickstart.rst,Flask Quickstart,Flask documentation contributors,BSD 3-Clause,openai/gpt-5.6-sol,docs-flask-quickstart-2.0.2-004-human
docs-flask-quickstart-2.0.2-008,docs-flask-quickstart-2.0.2-008-human,"The canonical URL for the projects endpoint has a trailing slash. It's similar to a folder in a file system. If you access the URL without a trailing slash (/projects), Flask redirects you to the canonical URL with the trailing slash (/projects/).",False,Human-authored technical documentation frozen at a pre-2022 open-source release tag; markup normalized to prose.,flask-quickstart,https://github.com/pallets/flask/blob/2.0.2/docs/quickstart.rst,Flask Quickstart,Flask documentation contributors,BSD 3-Clause,,
docs-flask-quickstart-2.0.2-008,docs-flask-quickstart-2.0.2-008-ai,"The canonical address for the projects endpoint ends with a trailing slash, much like a folder in a file system. Thus, should one visit /projects without that final mark, Flask redirects the request, as is proper, to the canonical /projects/ URL.",True,Model-generated semantic rewrite of the paired licensed passage.,flask-quickstart,https://github.com/pallets/flask/blob/2.0.2/docs/quickstart.rst,Flask Quickstart,Flask documentation contributors,BSD 3-Clause,openai/gpt-5.6-sol,docs-flask-quickstart-2.0.2-008-human
docs-flask-quickstart-2.0.2-010,docs-flask-quickstart-2.0.2-010-human,Modern web applications use meaningful URLs to help users. Users are more likely to like a page and come back if the page uses a meaningful URL they can remember and use to directly visit a page.,False,Human-authored technical documentation frozen at a pre-2022 open-source release tag; markup normalized to prose.,flask-quickstart,https://github.com/pallets/flask/blob/2.0.2/docs/quickstart.rst,Flask Quickstart,Flask documentation contributors,BSD 3-Clause,,
docs-flask-quickstart-2.0.2-010,docs-flask-quickstart-2.0.2-010-ai,"Modern web applications employ meaningful URLs for users’ benefit. When an address is clear and memorable, visitors are more apt to favor the page, return anon, and use that same URL to reach it directly with little fuss.",True,Model-generated semantic rewrite of the paired licensed passage.,flask-quickstart,https://github.com/pallets/flask/blob/2.0.2/docs/quickstart.rst,Flask Quickstart,Flask documentation contributors,BSD 3-Clause,openai/gpt-5.6-sol,docs-flask-quickstart-2.0.2-010-human
docs-flask-quickstart-2.0.2-012,docs-flask-quickstart-2.0.2-012-human,"In case the python -m flask fails or flask does not exist, there are multiple reasons this might be the case. First of all you need to look at the error message.",False,Human-authored technical documentation frozen at a pre-2022 open-source release tag; markup normalized to prose.,flask-quickstart,https://github.com/pallets/flask/blob/2.0.2/docs/quickstart.rst,Flask Quickstart,Flask documentation contributors,BSD 3-Clause,,
docs-flask-quickstart-2.0.2-012,docs-flask-quickstart-2.0.2-012-ai,"Should `python -m flask` fail, or the `flask` command prove nonexistent, several causes may be at work; first and foremost, pray inspect the error message, for it offers the proper starting point.",True,Model-generated semantic rewrite of the paired licensed passage.,flask-quickstart,https://github.com/pallets/flask/blob/2.0.2/docs/quickstart.rst,Flask Quickstart,Flask documentation contributors,BSD 3-Clause,openai/gpt-5.6-sol,docs-flask-quickstart-2.0.2-012-human
docs-numpy-quickstart-v1.21.0-001,docs-numpy-quickstart-v1.21.0-001-human,"For example, the coordinates of a point in 3D space [1, 2, 1] has one axis. That axis has 3 elements in it, so we say it has a length of 3. In the example pictured below, the array has 2 axes. The first axis has a length of 2, the second axis has a length of 3.",False,Human-authored technical documentation frozen at a pre-2022 open-source release tag; markup normalized to prose.,numpy-quickstart,https://github.com/numpy/numpy/blob/v1.21.0/doc/source/user/quickstart.rst,NumPy quickstart,NumPy documentation contributors,BSD 3-Clause,,
docs-numpy-quickstart-v1.21.0-001,docs-numpy-quickstart-v1.21.0-001-ai,"For instance, the coordinates of a point in three-dimensional space, [1, 2, 1], form a single axis. Since that axis contains three elements, its length is said to be 3. In the array pictured below, however, there are two axes: the first has length 2, while the second, as one might say, runs to length 3.",True,Model-generated semantic rewrite of the paired licensed passage.,numpy-quickstart,https://github.com/numpy/numpy/blob/v1.21.0/doc/source/user/quickstart.rst,NumPy quickstart,NumPy documentation contributors,BSD 3-Clause,openai/gpt-5.6-sol,docs-numpy-quickstart-v1.21.0-001-human
docs-pandas-ten-minutes-v1.3.0-006,docs-pandas-ten-minutes-v1.3.0-006-human,"As you can see, the columns A, B, C, and D are automatically tab completed. E and F are there as well; the rest of the attributes have been truncated for brevity.",False,Human-authored technical documentation frozen at a pre-2022 open-source release tag; markup normalized to prose.,pandas-ten-minutes,https://github.com/pandas-dev/pandas/blob/v1.3.0/doc/source/user_guide/10min.rst,10 minutes to pandas,pandas documentation contributors,BSD 3-Clause,,
docs-pandas-ten-minutes-v1.3.0-006,docs-pandas-ten-minutes-v1.3.0-006-ai,"As you may observe, columns A through D are filled in automatically by tab completion; E and F likewise appear, whilst the remaining attributes, though present, have been omitted here for the sake of brevity.",True,Model-generated semantic rewrite of the paired licensed passage.,pandas-ten-minutes,https://github.com/pandas-dev/pandas/blob/v1.3.0/doc/source/user_guide/10min.rst,10 minutes to pandas,pandas documentation contributors,BSD 3-Clause,openai/gpt-5.6-sol,docs-pandas-ten-minutes-v1.3.0-006-human
docs-python-tutorial-v3.10.0-004,docs-python-tutorial-v3.10.0-004-human,"The first row of numbers gives the position of the indices 0...6 in the string; the second row gives the corresponding negative indices. The slice from i to j consists of all characters between the edges labeled i and j, respectively.",False,Human-authored technical documentation frozen at a pre-2022 open-source release tag; markup normalized to prose.,python-tutorial,https://github.com/python/cpython/blob/v3.10.0/Doc/tutorial/introduction.rst,The Python Tutorial - An Informal Introduction,Python documentation contributors,Python Software Foundation License Version 2,,
docs-python-tutorial-v3.10.0-004,docs-python-tutorial-v3.10.0-004-ai,"The first line of numerals marks where indices 0 through 6 fall within the string, whilst the second supplies their corresponding negative indices. Thus, a slice running from i to j contains every character lying between the edges labeled i and j, respectively.",True,Model-generated semantic rewrite of the paired licensed passage.,python-tutorial,https://github.com/python/cpython/blob/v3.10.0/Doc/tutorial/introduction.rst,The Python Tutorial - An Informal Introduction,Python documentation contributors,Python Software Foundation License Version 2,openai/gpt-5.6-sol,docs-python-tutorial-v3.10.0-004-human
docs-pytorch-readme-v1.10.0-004,docs-pytorch-readme-v1.10.0-004-human,"PyTorch has minimal framework overhead. We integrate acceleration libraries such as Intel MKL and NVIDIA (cuDNN, NCCL) to maximize speed. At the core, its CPU and GPU Tensor and neural network backends are mature and have been tested for years.",False,Human-authored technical documentation frozen at a pre-2022 open-source release tag; markup normalized to prose.,pytorch-readme,https://github.com/pytorch/pytorch/blob/v1.10.0/README.md,PyTorch README,PyTorch contributors,BSD 3-Clause,,
docs-pytorch-readme-v1.10.0-004,docs-pytorch-readme-v1.10.0-004-ai,"PyTorch imposes little framework overhead; moreover, it incorporates acceleration libraries such as Intel MKL and NVIDIA’s cuDNN and NCCL to attain high speed. At its heart, the CPU and GPU tensor and neural-network backends are mature, having been proven over many years.",True,Model-generated semantic rewrite of the paired licensed passage.,pytorch-readme,https://github.com/pytorch/pytorch/blob/v1.10.0/README.md,PyTorch README,PyTorch contributors,BSD 3-Clause,openai/gpt-5.6-sol,docs-pytorch-readme-v1.10.0-004-human
docs-pytorch-readme-v1.10.0-012,docs-pytorch-readme-v1.10.0-012-human,The memory usage in PyTorch is extremely efficient compared to Torch or some of the alternatives. We've written custom memory allocators for the GPU to make sure that your deep learning models are maximally memory efficient. This enables you to train bigger deep learning models than before.,False,Human-authored technical documentation frozen at a pre-2022 open-source release tag; markup normalized to prose.,pytorch-readme,https://github.com/pytorch/pytorch/blob/v1.10.0/README.md,PyTorch README,PyTorch contributors,BSD 3-Clause,,
docs-pytorch-readme-v1.10.0-012,docs-pytorch-readme-v1.10.0-012-ai,"Compared with Torch and several alternatives, PyTorch uses memory with remarkable efficiency. To that end, we built custom GPU memory allocators so deep-learning models make the fullest possible use of available capacity. Thus, you may train larger models than heretofore, without squandering precious GPU memory.",True,Model-generated semantic rewrite of the paired licensed passage.,pytorch-readme,https://github.com/pytorch/pytorch/blob/v1.10.0/README.md,PyTorch README,PyTorch contributors,BSD 3-Clause,openai/gpt-5.6-sol,docs-pytorch-readme-v1.10.0-012-human
docs-pytorch-readme-v1.10.0-017,docs-pytorch-readme-v1.10.0-017-human,"You can adjust the configuration of cmake variables optionally (without building first), by doing the following. For example, adjusting the pre-detected directories for CuDNN or BLAS can be done with such a step.",False,Human-authored technical documentation frozen at a pre-2022 open-source release tag; markup normalized to prose.,pytorch-readme,https://github.com/pytorch/pytorch/blob/v1.10.0/README.md,PyTorch README,PyTorch contributors,BSD 3-Clause,,
docs-pytorch-readme-v1.10.0-017,docs-pytorch-readme-v1.10.0-017-ai,"You may, if you please, modify CMake variable settings before any build begins. Thus, for instance, this preliminary step allows the pre-detected directories for CuDNN or BLAS to be adjusted as need be.",True,Model-generated semantic rewrite of the paired licensed passage.,pytorch-readme,https://github.com/pytorch/pytorch/blob/v1.10.0/README.md,PyTorch README,PyTorch contributors,BSD 3-Clause,openai/gpt-5.6-sol,docs-pytorch-readme-v1.10.0-017-human
docs-pytorch-readme-v1.10.0-019,docs-pytorch-readme-v1.10.0-019-human,"While this technique is not unique to PyTorch, it's one of the fastest implementations of it to date. You get the best of speed and flexibility for your crazy research.",False,Human-authored technical documentation frozen at a pre-2022 open-source release tag; markup normalized to prose.,pytorch-readme,https://github.com/pytorch/pytorch/blob/v1.10.0/README.md,PyTorch README,PyTorch contributors,BSD 3-Clause,,
docs-pytorch-readme-v1.10.0-019,docs-pytorch-readme-v1.10.0-019-ai,"Though this technique is by no means exclusive to PyTorch, its implementation remains among the swiftest yet devised; thus, you gain both uncommon speed and ample flexibility for even your wildest research.",True,Model-generated semantic rewrite of the paired licensed passage.,pytorch-readme,https://github.com/pytorch/pytorch/blob/v1.10.0/README.md,PyTorch README,PyTorch contributors,BSD 3-Clause,openai/gpt-5.6-sol,docs-pytorch-readme-v1.10.0-019-human
docs-rails-started-v7.0.0-003,docs-rails-started-v7.0.0-003-human,"A given blog article might have various statuses - for instance, it might be visible to everyone (i.e. public), or only visible to the author (i.e. private). It may also be hidden to all but still retrievable (i.e. archived). Comments may similarly be hidden or visible. This could be represented using a status column in each model.",False,Human-authored technical documentation frozen at a pre-2022 open-source release tag; markup normalized to prose.,rails-started,https://github.com/rails/rails/blob/v7.0.0/guides/source/getting_started.md,Getting Started with Rails,Ruby on Rails documentation contributors,MIT,,
docs-rails-started-v7.0.0-003,docs-rails-started-v7.0.0-003-ai,"A blog article may bear several statuses: public, and thus visible to all; private, visible only to its author; or archived, hidden from everyone yet still retrievable. Comments may likewise be shown or concealed. For a tidy and practical design, each model could therefore include a status column to record these sundry states.",True,Model-generated semantic rewrite of the paired licensed passage.,rails-started,https://github.com/rails/rails/blob/v7.0.0/guides/source/getting_started.md,Getting Started with Rails,Ruby on Rails documentation contributors,MIT,openai/gpt-5.6-sol,docs-rails-started-v7.0.0-003-human
docs-rails-started-v7.0.0-006,docs-rails-started-v7.0.0-006-human,"When we submit the form, the POST /articles request is mapped to the create action. The create action does attempt to save @article. Therefore, validations are checked. If any validation fails, @article will not be saved, app/views/articles/new.html.erb will be rendered with error messages with a status code 4XX for the app to work fine with Turbo.",False,Human-authored technical documentation frozen at a pre-2022 open-source release tag; markup normalized to prose.,rails-started,https://github.com/rails/rails/blob/v7.0.0/guides/source/getting_started.md,Getting Started with Rails,Ruby on Rails documentation contributors,MIT,,
docs-rails-started-v7.0.0-006,docs-rails-started-v7.0.0-006-ai,"Upon submitting the form, the POST /articles request is routed to the create action. There, Rails attempts to save @article, and validations are duly run. Should any validation fail, @article remains unsaved; app/views/articles/new.html.erb is rendered anew with error messages and a 4XX status code, so that the application may continue to behave properly with Turbo.",True,Model-generated semantic rewrite of the paired licensed passage.,rails-started,https://github.com/rails/rails/blob/v7.0.0/guides/source/getting_started.md,Getting Started with Rails,Ruby on Rails documentation contributors,MIT,openai/gpt-5.6-sol,docs-rails-started-v7.0.0-006-human
docs-rails-started-v7.0.0-014,docs-rails-started-v7.0.0-014-human,"We've covered the ""CR"" of CRUD. Now let's move on to the ""U"" (Update). Updating a resource is very similar to creating a resource. They are both multi-step processes. First, the user requests a form to edit the data. Then, the user submits the form. If there are no errors, then the resource is updated. Else, the form is redisplayed with error messages, and the process is repeated.",False,Human-authored technical documentation frozen at a pre-2022 open-source release tag; markup normalized to prose.,rails-started,https://github.com/rails/rails/blob/v7.0.0/guides/source/getting_started.md,Getting Started with Rails,Ruby on Rails documentation contributors,MIT,,
docs-rails-started-v7.0.0-014,docs-rails-started-v7.0.0-014-ai,"Having covered the “CR” in CRUD, we now turn to “U” for Update. Updating a resource closely resembles creating one, for both are multi-step affairs. First, the user requests a form for editing the data; next, the completed form is submitted. If no errors arise, the resource is duly updated. Otherwise, the form reappears with error messages, and the process begins anew until the submission succeeds.",True,Model-generated semantic rewrite of the paired licensed passage.,rails-started,https://github.com/rails/rails/blob/v7.0.0/guides/source/getting_started.md,Getting Started with Rails,Ruby on Rails documentation contributors,MIT,openai/gpt-5.6-sol,docs-rails-started-v7.0.0-014-human
docs-rails-started-v7.0.0-015,docs-rails-started-v7.0.0-015-human,"Now we move on to the ""C"" (Create) of CRUD. Typically, in web applications, creating a new resource is a multi-step process. First, the user requests a form to fill out. Then, the user submits the form. If there are no errors, then the resource is created and some kind of confirmation is displayed. Else, the form is redisplayed with error messages, and the process is repeated.",False,Human-authored technical documentation frozen at a pre-2022 open-source release tag; markup normalized to prose.,rails-started,https://github.com/rails/rails/blob/v7.0.0/guides/source/getting_started.md,Getting Started with Rails,Ruby on Rails documentation contributors,MIT,,
docs-rails-started-v7.0.0-015,docs-rails-started-v7.0.0-015-ai,"We now turn to the “C” in CRUD: Create. In a typical web application, adding a resource unfolds in several stages. First, the user requests and completes a form; next, the form is submitted for validation. If all is well, the resource is created and a confirmation appears. If errors arise, however, the form is shown anew with suitable messages, and the user repeats the process until it succeeds.",True,Model-generated semantic rewrite of the paired licensed passage.,rails-started,https://github.com/rails/rails/blob/v7.0.0/guides/source/getting_started.md,Getting Started with Rails,Ruby on Rails documentation contributors,MIT,openai/gpt-5.6-sol,docs-rails-started-v7.0.0-015-human
docs-rails-started-v7.0.0-017,docs-rails-started-v7.0.0-017-human,"The update action (re-)fetches the article from the database, and attempts to update it with the submitted form data filtered by article_params. If no validations fail and the update is successful, the action redirects the browser to the article's page. Else, the action redisplays the form with error messages, by rendering app/views/articles/edit.html.erb with a status code 4XX for the app to work fine with Turbo.",False,Human-authored technical documentation frozen at a pre-2022 open-source release tag; markup normalized to prose.,rails-started,https://github.com/rails/rails/blob/v7.0.0/guides/source/getting_started.md,Getting Started with Rails,Ruby on Rails documentation contributors,MIT,,
docs-rails-started-v7.0.0-017,docs-rails-started-v7.0.0-017-ai,"The update action fetches the article anew from the database, then endeavors to apply the submitted form data, as filtered through `article_params`. If validation passes and the update succeeds, the browser is redirected to the article’s page. Otherwise, the form is shown once more, errors and all, by rendering `app/views/articles/edit.html.erb` with a 4XX status code, thereby ensuring that the application plays nicely with Turbo.",True,Model-generated semantic rewrite of the paired licensed passage.,rails-started,https://github.com/rails/rails/blob/v7.0.0/guides/source/getting_started.md,Getting Started with Rails,Ruby on Rails documentation contributors,MIT,openai/gpt-5.6-sol,docs-rails-started-v7.0.0-017-human
docs-rails-started-v7.0.0-019,docs-rails-started-v7.0.0-019-human,1. The browser makes a request: GET http://localhost:3000. 2. Our Rails application receives this request. 3. The Rails router maps the root route to the index action of ArticlesController. 4. The index action uses the Article model to fetch all articles in the database. 5. Rails automatically renders the app/views/articles/index.html.erb view. 6. The ERB code in the view is evaluated to output HTML. 7. The server sends a response containing the HTML back to the browser.,False,Human-authored technical documentation frozen at a pre-2022 open-source release tag; markup normalized to prose.,rails-started,https://github.com/rails/rails/blob/v7.0.0/guides/source/getting_started.md,Getting Started with Rails,Ruby on Rails documentation contributors,MIT,,
docs-rails-started-v7.0.0-019,docs-rails-started-v7.0.0-019-ai,"First, the browser issues a GET request to http://localhost:3000, which the Rails application duly receives. The Rails router then maps the root route to the index action of ArticlesController. Thereupon, the index action uses the Article model to retrieve every article stored in the database. Rails automatically renders app/views/articles/index.html.erb, evaluating its ERB code to produce HTML. At last, the server sends a response containing that HTML back to the browser.",True,Model-generated semantic rewrite of the paired licensed passage.,rails-started,https://github.com/rails/rails/blob/v7.0.0/guides/source/getting_started.md,Getting Started with Rails,Ruby on Rails documentation contributors,MIT,openai/gpt-5.6-sol,docs-rails-started-v7.0.0-019-human
docs-sklearn-started-1.0-001,docs-sklearn-started-1.0-001-human,"Scikit-learn is an open source machine learning library that supports supervised and unsupervised learning. It also provides various tools for model fitting, data preprocessing, model selection and evaluation, and many other utilities.",False,Human-authored technical documentation frozen at a pre-2022 open-source release tag; markup normalized to prose.,sklearn-started,https://github.com/scikit-learn/scikit-learn/blob/1.0/doc/getting_started.rst,Getting Started,scikit-learn documentation contributors,BSD 3-Clause,,
docs-sklearn-started-1.0-001,docs-sklearn-started-1.0-001-ai,"Scikit-learn is an open-source machine-learning library for both supervised and unsupervised learning; moreover, it offers sundry tools for fitting models, preprocessing data, selecting and evaluating models, alongside many other useful contrivances.",True,Model-generated semantic rewrite of the paired licensed passage.,sklearn-started,https://github.com/scikit-learn/scikit-learn/blob/1.0/doc/getting_started.rst,Getting Started,scikit-learn documentation contributors,BSD 3-Clause,openai/gpt-5.6-sol,docs-sklearn-started-1.0-001-human
docs-sklearn-started-1.0-007,docs-sklearn-started-1.0-007-human,"Machine learning workflows are often composed of different parts. A typical pipeline consists of a pre-processing step that transforms or imputes the data, and a final predictor that predicts target values.",False,Human-authored technical documentation frozen at a pre-2022 open-source release tag; markup normalized to prose.,sklearn-started,https://github.com/scikit-learn/scikit-learn/blob/1.0/doc/getting_started.rst,Getting Started,scikit-learn documentation contributors,BSD 3-Clause,,
docs-sklearn-started-1.0-007,docs-sklearn-started-1.0-007-ai,"Machine learning workflows commonly unite several components: a preliminary stage that transforms the data or fills in missing values, followed, in due course, by a final predictor that estimates target values.",True,Model-generated semantic rewrite of the paired licensed passage.,sklearn-started,https://github.com/scikit-learn/scikit-learn/blob/1.0/doc/getting_started.rst,Getting Started,scikit-learn documentation contributors,BSD 3-Clause,openai/gpt-5.6-sol,docs-sklearn-started-1.0-007-human
docs-spark-sql-v3.2.0-001,docs-spark-sql-v3.2.0-001-human,"Datasets are similar to RDDs, however, instead of using Java serialization or Kryo they use a specialized Encoder to serialize the objects for processing or transmitting over the network. While both encoders and standard serialization are responsible for turning an object into bytes, encoders are code generated dynamically and use a format that allows Spark to perform many operations like filtering, sorting and hashing without deserializing the bytes back into an object.",False,Human-authored technical documentation frozen at a pre-2022 open-source release tag; markup normalized to prose.,spark-sql,https://github.com/apache/spark/blob/v3.2.0/docs/sql-getting-started.md,Getting Started with Spark SQL,Apache Spark documentation contributors,Apache License 2.0,,
docs-spark-sql-v3.2.0-001,docs-spark-sql-v3.2.0-001-ai,"Datasets resemble RDDs, but, rather than relying on Java serialization or Kryo, they employ specialized Encoders to serialize objects for processing or transmission across the network. Both Encoders and conventional serialization turn objects into bytes; however, Encoders are generated dynamically and use a format that lets Spark perform sundry operations—including filtering, sorting, and hashing—without first deserializing those bytes back into objects.",True,Model-generated semantic rewrite of the paired licensed passage.,spark-sql,https://github.com/apache/spark/blob/v3.2.0/docs/sql-getting-started.md,Getting Started with Spark SQL,Apache Spark documentation contributors,Apache License 2.0,openai/gpt-5.6-sol,docs-spark-sql-v3.2.0-001-human
docs-spark-sql-v3.2.0-006,docs-spark-sql-v3.2.0-006-human,"Aggregate functions are functions that return a single value on a group of rows. The Built-in Aggregation Functions provide common aggregations such as count(), count_distinct(), avg(), max(), min(), etc. Users are not limited to the predefined aggregate functions and can create their own. For more details about user defined aggregate functions, please refer to the documentation of User Defined Aggregate Functions.",False,Human-authored technical documentation frozen at a pre-2022 open-source release tag; markup normalized to prose.,spark-sql,https://github.com/apache/spark/blob/v3.2.0/docs/sql-getting-started.md,Getting Started with Spark SQL,Apache Spark documentation contributors,Apache License 2.0,,
docs-spark-sql-v3.2.0-006,docs-spark-sql-v3.2.0-006-ai,"Aggregate functions process a group of rows and return one value. Built-in aggregation functions furnish the usual operations, including count(), count_distinct(), avg(), max(), min(), and the like. Yet users are by no means confined to these predefined choices; they may devise aggregate functions of their own. For fuller particulars, consult the documentation for User Defined Aggregate Functions.",True,Model-generated semantic rewrite of the paired licensed passage.,spark-sql,https://github.com/apache/spark/blob/v3.2.0/docs/sql-getting-started.md,Getting Started with Spark SQL,Apache Spark documentation contributors,Apache License 2.0,openai/gpt-5.6-sol,docs-spark-sql-v3.2.0-006-human
docs-spark-sql-v3.2.0-009,docs-spark-sql-v3.2.0-009-human,1. Create an RDD of tuples or lists from the original RDD; 2. Create the schema represented by a StructType matching the structure of tuples or lists in the RDD created in the step 1. 3. Apply the schema to the RDD via createDataFrame method provided by SparkSession.,False,Human-authored technical documentation frozen at a pre-2022 open-source release tag; markup normalized to prose.,spark-sql,https://github.com/apache/spark/blob/v3.2.0/docs/sql-getting-started.md,Getting Started with Spark SQL,Apache Spark documentation contributors,Apache License 2.0,,
docs-spark-sql-v3.2.0-009,docs-spark-sql-v3.2.0-009-ai,"First, fashion an RDD of tuples or lists from the original RDD. Next, define a schema as a StructType whose fields correspond, in proper order, to the structure produced in the first step. Finally, apply that schema to the RDD using SparkSession’s createDataFrame method.",True,Model-generated semantic rewrite of the paired licensed passage.,spark-sql,https://github.com/apache/spark/blob/v3.2.0/docs/sql-getting-started.md,Getting Started with Spark SQL,Apache Spark documentation contributors,Apache License 2.0,openai/gpt-5.6-sol,docs-spark-sql-v3.2.0-009-human
docs-spark-sql-v3.2.0-014,docs-spark-sql-v3.2.0-014-human,1. Create an RDD of Rows from the original RDD; 2. Create the schema represented by a StructType matching the structure of Rows in the RDD created in Step 1. 3. Apply the schema to the RDD of Rows via createDataFrame method provided by SparkSession.,False,Human-authored technical documentation frozen at a pre-2022 open-source release tag; markup normalized to prose.,spark-sql,https://github.com/apache/spark/blob/v3.2.0/docs/sql-getting-started.md,Getting Started with Spark SQL,Apache Spark documentation contributors,Apache License 2.0,,
docs-spark-sql-v3.2.0-014,docs-spark-sql-v3.2.0-014-ai,"First, fashion an RDD of Rows from the original RDD. Next, define the schema as a StructType whose structure accords with those Rows. Finally, apply that schema to the Row RDD, thereby creating the DataFrame through the createDataFrame method furnished by SparkSession.",True,Model-generated semantic rewrite of the paired licensed passage.,spark-sql,https://github.com/apache/spark/blob/v3.2.0/docs/sql-getting-started.md,Getting Started with Spark SQL,Apache Spark documentation contributors,Apache License 2.0,openai/gpt-5.6-sol,docs-spark-sql-v3.2.0-014-human
docs-airflow-dags-2.2.0-019,docs-airflow-dags-2.2.0-019-human,"It's important to be aware of the interaction between trigger rules and skipped tasks, especially tasks that are skipped as part of a branching operation. You almost never want to use all_success or all_failed downstream of a branching operation.",False,Human-authored technical documentation frozen at a pre-2022 open-source release tag; markup normalized to prose.,airflow-dags,https://github.com/apache/airflow/blob/2.2.0/docs/apache-airflow/concepts/dags.rst,DAGs,Apache Airflow documentation contributors,Apache License 2.0,,
docs-airflow-dags-2.2.0-019,docs-airflow-dags-2.2.0-019-ai,"Take heed of how trigger rules interact with skipped tasks, particularly those bypassed during branching. In practice, one should almost never place either all_success or all_failed downstream of a branching operation; such choices are, as a rule, ill-advised.",True,Model-generated semantic rewrite of the paired licensed passage.,airflow-dags,https://github.com/apache/airflow/blob/2.2.0/docs/apache-airflow/concepts/dags.rst,DAGs,Apache Airflow documentation contributors,Apache License 2.0,openai/gpt-5.6-sol,docs-airflow-dags-2.2.0-019-human
